LINE_NO  1 :  0 -6  177  4.94302E+00  4.97596E+00  2.82693E+02 
LINE_NO  2 :  4  5  185  9.10739E+00  9.29282E+00  2.55859E+02 
LINE_NO  3 :  10 -4  157  9.57785E+00  8.18925E-01  2.68212E+02 
LINE_NO  4 :  8  5  176  7.10572E+00 -6.95730E+00  2.93019E+02 
LINE_NO  5 :  2 -10  195  8.15862E+00  6.26059E+00  2.88584E+02 
LINE_NO  6 :  9  2  188  6.60081E+00  9.08307E+00  2.98277E+02 
LINE_NO  7 :  2 -9  193  7.29674E+00  4.11551E+00  2.83430E+02 
LINE_NO  8 :  10 -1  187  2.48863E+00 -6.18634E+00  2.95223E+02 
LINE_NO  9 :  1 -8  169  1.37587E+00  4.50654E+00  2.91833E+02 
LINE_NO  10 :  10  4  169  8.04716E+00  1.25198E-02  2.76246E+02 
LINE_NO  11 :  6 -8  161  3.19874E+00  6.70628E+00  2.96901E+02 
LINE_NO  12 :  2  4  172  4.61536E+00  4.40756E+00  2.61024E+02 
LINE_NO  13 :  5 -9  177  9.06700E-02 -8.64751E+00  2.80692E+02 
LINE_NO  14 :  0 -4  195  2.17957E+00  2.33519E+00  2.79476E+02 
LINE_NO  15 :  6 -4  199  7.89981E+00 -6.77014E+00  2.92635E+02 
LINE_NO  16 :  2 -8  161  2.73948E+00  3.00881E+00  2.85172E+02 
LINE_NO  17 :  5 -6  181  9.55649E+00  2.59347E+00  2.64658E+02 
LINE_NO  18 :  6 -2  192  7.07916E+00 -7.31642E+00  2.90922E+02 
LINE_NO  19 :  7  9  166  4.75531E+00  7.82013E-04  2.71541E+02 
LINE_NO  20 :  4  0  193  3.55641E+00  1.12885E+00  2.60625E+02 
LINE_NO  21 :  2  2  169  8.14371E+00  7.17914E+00  2.77544E+02 
LINE_NO  22 :  7  8  176  7.60184E+00  3.36906E+00  2.82887E+02 
LINE_NO  23 :  7  1  199  6.64296E+00 -8.00983E+00  2.77589E+02 
LINE_NO  24 :  1  1  184  2.44763E+00  4.84712E+00  2.62730E+02 
LINE_NO  25 :  5  8  161  2.09250E+00  5.72729E+00  2.80722E+02 
LINE_NO  26 :  5 -5  159  4.76397E+00  6.23540E+00  2.93826E+02 
LINE_NO  27 :  6  2  177  2.90638E+00 -6.70568E+00  2.65770E+02 
LINE_NO  28 :  6 -3  186  2.01554E+00 -4.40824E+00  2.71225E+02 
LINE_NO  29 :  8  1  187  2.32322E+00 -1.83525E+00  2.91343E+02 
LINE_NO  30 :  2  3  174  3.43872E+00 -7.22825E+00  2.91021E+02 
LINE_NO  31 :  4  10  179  2.89094E+00  8.62493E+00  2.60941E+02 
LINE_NO  32 :  9 -10  185  2.99591E+00  7.45835E+00  2.80573E+02 
LINE_NO  33 :  0  2  160  1.37807E+00  3.72318E+00  2.88924E+02 
LINE_NO  34 :  7  9  198  1.73841E+00 -3.60764E+00  2.57594E+02 
LINE_NO  35 :  2 -5  192  6.69238E+00  1.83202E+00  2.94400E+02 
LINE_NO  36 :  2  8  167  9.54630E+00 -8.51310E+00  2.80961E+02 
LINE_NO  37 :  3  10  197  7.32596E+00 -7.92424E-01  2.69357E+02 
LINE_NO  38 :  2 -3  174  2.08610E+00 -7.02561E-01  2.60916E+02 
LINE_NO  39 :  9  7  157  3.38803E+00 -8.42260E+00  2.80367E+02 
LINE_NO  40 :  4 -7  156  7.38989E+00 -4.76211E+00  2.62839E+02 
LINE_NO  41 :  0  10  186  6.10041E+00 -9.87119E+00  2.79337E+02 
LINE_NO  42 :  3 -5  172  1.11554E+00  5.14770E+00  2.98304E+02 
LINE_NO  43 :  6  10  175  4.21399E+00 -5.24197E+00  2.73610E+02 
LINE_NO  44 :  1  10  196  6.06756E+00  3.07180E+00  2.91684E+02 
LINE_NO  45 :  9 -10  161  3.69977E+00 -3.68276E+00  2.73611E+02 
LINE_NO  46 :  1  2  172  8.24255E+00 -3.70259E+00  2.87526E+02 
LINE_NO  47 :  10  0  183  1.82025E+00 -2.61682E+00  2.82749E+02 
LINE_NO  48 :  5 -5  171  5.24931E+00  2.45398E+00  2.96052E+02 
LINE_NO  49 :  3 -5  178  2.16720E+00 -5.10862E+00  2.95192E+02 
LINE_NO  50 :  3  1  167  6.75109E+00  6.49521E-01  2.80772E+02 
LINE_NO  51 :  7  6  188  5.78554E-01  6.54211E+00  2.72198E+02 
LINE_NO  52 :  1 -1  196  5.84665E+00 -8.78431E-01  2.59453E+02 
LINE_NO  53 :  5  3  169  6.94775E+00  6.33257E-01  2.67272E+02 
LINE_NO  54 :  7 -3  199  2.19382E+00  2.97866E-01  2.66264E+02 
LINE_NO  55 :  3  4  159  4.22128E+00  3.75189E+00  2.69038E+02 
LINE_NO  56 :  2  9  183  2.77343E+00 -2.74704E+00  2.65987E+02 
LINE_NO  57 :  10 -2  164  5.51799E-01  5.62835E+00  2.63322E+02 
LINE_NO  58 :  6  4  195  7.68815E+00  5.37108E+00  2.90505E+02 
LINE_NO  59 :  3  3  178  3.55961E+00  9.01657E+00  2.75881E+02 
LINE_NO  60 :  1 -7  157  1.85153E+00 -5.48560E+00  2.62413E+02 
LINE_NO  61 :  4  0  177  2.06387E+00  4.22684E+00  2.65261E+02 
LINE_NO  62 :  2 -9  177  8.83583E+00 -1.93834E+00  2.89035E+02 
LINE_NO  63 :  4 -3  178  7.36403E+00 -2.98279E+00  2.88136E+02 
LINE_NO  64 :  8  0  191  7.33127E+00  7.20737E+00  2.63027E+02 
LINE_NO  65 :  9 -9  155  9.03307E+00 -9.10241E+00  2.79938E+02 
LINE_NO  66 :  10  4  189  5.14933E+00 -1.33709E+00  2.59311E+02 
LINE_NO  67 :  2 -6  158  7.29061E+00 -7.13512E+00  2.97793E+02 
LINE_NO  68 :  2  8  181  9.90442E+00 -8.84845E-01  2.91403E+02 
LINE_NO  69 :  1  3  194  1.82259E+00 -3.90325E+00  2.89426E+02 
LINE_NO  70 :  2 -7  192  6.25674E+00  5.15998E+00  2.91739E+02 
LINE_NO  71 :  0 -5  182  8.06196E+00  8.93988E+00  2.88680E+02 
LINE_NO  72 :  4  8  198  3.11296E+00 -1.73247E+00  2.86478E+02 
LINE_NO  73 :  6  1  157  7.25196E-01  4.63949E+00  2.69075E+02 
LINE_NO  74 :  0  10  181  3.92791E+00 -5.84879E+00  2.56635E+02 
LINE_NO  75 :  1 -5  185  2.86085E+00 -1.43967E+00  2.77698E+02 
LINE_NO  76 :  2 -9  189  6.12263E+00 -2.10859E+00  2.69934E+02 
LINE_NO  77 :  5 -5  197  8.36603E+00  8.49010E+00  2.69863E+02 
LINE_NO  78 :  6  6  176  1.53088E+00 -4.59621E+00  2.61446E+02 
LINE_NO  79 :  8 -3  184  6.79883E+00 -6.84479E+00  2.89369E+02 
LINE_NO  80 :  2  5  166  9.69852E+00  6.71909E+00  2.68912E+02 
LINE_NO  81 :  5 -7  169  7.95442E+00  3.07529E+00  2.72909E+02 
LINE_NO  82 :  4  8  190  3.59553E+00 -6.80689E+00  2.72886E+02 
LINE_NO  83 :  8  8  184  2.75749E+00 -1.02070E+00  2.91527E+02 
LINE_NO  84 :  2  10  187  4.14197E+00 -7.35439E-01  2.61063E+02 
LINE_NO  85 :  1  4  184  6.42606E+00 -7.36813E+00  2.98244E+02 
LINE_NO  86 :  10  5  167  6.41700E+00  3.61430E+00  2.71384E+02 
LINE_NO  87 :  3 -7  179  6.30047E+00  5.98569E+00  2.61996E+02 
LINE_NO  88 :  7 -7  155  5.63339E+00  3.49469E+00  2.98998E+02 
LINE_NO  89 :  1  10  159  5.91286E+00  7.52368E-01  2.65400E+02 
LINE_NO  90 :  6 -9  157  2.29437E+00 -6.38960E+00  2.98853E+02 
LINE_NO  91 :  5 -5  161  3.09166E+00  2.59453E+00  2.63914E+02 
LINE_NO  92 :  7 -1  188  7.17571E+00  4.35201E+00  2.84278E+02 
LINE_NO  93 :  4 -1  164  8.73154E+00 -8.48392E-01  2.63612E+02 
LINE_NO  94 :  6 -2  155  7.37560E+00 -8.43749E+00  2.69522E+02 
LINE_NO  95 :  9 -5  157  5.46364E+00  1.86615E-02  2.79223E+02 
LINE_NO  96 :  6  5  169  5.42591E+00 -4.71000E+00  2.87017E+02 
LINE_NO  97 :  3  10  156  7.38996E+00  7.59971E+00  2.86713E+02 
LINE_NO  98 :  1 -5  176  7.41561E+00  7.37963E-01  2.56066E+02 
LINE_NO  99 :  7  0  180  7.19672E+00 -1.99124E+00  2.72746E+02 
LINE_NO  100 :  8 -9  196  7.65864E+00 -4.56412E+00  2.81057E+02 
